"C:\Program Files (x86)\Python 3.5\python.exe" C:/ai/nlp/entropy.py TEXTCZ1.txt
=== Messing up characters ===
Messup:  0
Entropies:  [4.747826449397086]
Word count:  [42826]
Number of characters:  [1030631]
Number of characters per word:  [4.633882164631404]
Biggest frequency:  [13788]
Words with frequency 1:  [26315]

Messup:  1e-05
Entropies:  [4.747786781919373, 4.747787837242186, 4.747819094646996, 4.747705375100913, 4.747663306654138, 4.747714154881939, 4.7477589227996475, 4.747721849082924, 4.747724641784363, 4.747734031255427]
Word count:  [42829, 42832, 42829, 42833, 42833, 42832, 42832, 42830, 42834, 42832]
Number of characters:  [1030631, 1030631, 1030631, 1030631, 1030631, 1030631, 1030631, 1030631, 1030631, 1030631]
Number of characters per word:  [4.633882164631404, 4.633882164631404, 4.633882164631404, 4.633882164631404, 4.633882164631404, 4.633882164631404, 4.633882164631404, 4.633882164631404, 4.633882164631404, 4.633882164631404]
Biggest frequency:  [13788, 13788, 13788, 13788, 13787, 13788, 13787, 13788, 13787, 13788]
Words with frequency 1:  [26319, 26321, 26318, 26324, 26324, 26321, 26321, 26319, 26323, 26323]

Messup:  0.0001
Entropies:  [4.746770721845136, 4.746825296070808, 4.746718290052833, 4.746576599948921, 4.74708255135515, 4.746629897958648, 4.746832500360036, 4.746873752416286, 4.747114572401934, 4.746734477777683]
Word count:  [42915, 42907, 42903, 42910, 42898, 42899, 42908, 42895, 42902, 42902]
Number of characters:  [1030631, 1030631, 1030631, 1030631, 1030631, 1030631, 1030631, 1030631, 1030631, 1030631]
Number of characters per word:  [4.633882164631404, 4.633882164631404, 4.633882164631404, 4.633882164631404, 4.633882164631404, 4.633882164631404, 4.633882164631404, 4.633882164631404, 4.633882164631404, 4.633882164631404]
Biggest frequency:  [13787, 13787, 13788, 13787, 13785, 13786, 13788, 13785, 13788, 13787]
Words with frequency 1:  [26414, 26407, 26399, 26410, 26394, 26398, 26409, 26390, 26402, 26400]

Messup:  0.001
Entropies:  [4.73879274130473, 4.737053565176284, 4.738483133499011, 4.7382153082400045, 4.73833254056477, 4.73893343597334, 4.737334115159809, 4.738581749276661, 4.738854660589719, 4.737267145887295]
Word count:  [43601, 43629, 43562, 43599, 43586, 43544, 43663, 43595, 43537, 43637]
Number of characters:  [1030631, 1030631, 1030631, 1030631, 1030631, 1030631, 1030631, 1030631, 1030631, 1030631]
Number of characters per word:  [4.633882164631404, 4.633882164631404, 4.633882164631404, 4.633882164631404, 4.633882164631404, 4.633882164631404, 4.633882164631404, 4.633882164631404, 4.633882164631404, 4.633882164631404]
Biggest frequency:  [13773, 13773, 13773, 13775, 13775, 13772, 13778, 13781, 13783, 13773]
Words with frequency 1:  [27194, 27202, 27142, 27160, 27172, 27121, 27253, 27163, 27126, 27216]

Messup:  0.01
Entropies:  [4.661249415180312, 4.661980587133992, 4.653928384107431, 4.655997742912324, 4.6616560735077615, 4.656709288626722, 4.65638437530171, 4.655368269850558, 4.661147941672616, 4.659609311105395]
Word count:  [49974, 49884, 50107, 49970, 50010, 50042, 50040, 50170, 50001, 49937]
Number of characters:  [1030631, 1030631, 1030631, 1030631, 1030631, 1030631, 1030631, 1030631, 1030631, 1030631]
Number of characters per word:  [4.633882164631404, 4.633882164631404, 4.633882164631404, 4.633882164631404, 4.633882164631404, 4.633882164631404, 4.633882164631404, 4.633882164631404, 4.633882164631404, 4.633882164631404]
Biggest frequency:  [13663, 13659, 13653, 13645, 13663, 13654, 13623, 13660, 13659, 13637]
Words with frequency 1:  [34319, 34258, 34489, 34319, 34357, 34406, 34376, 34532, 34389, 34242]

Messup:  0.05
Entropies:  [4.339023419420184, 4.336599179347739, 4.340728695161117, 4.333513825339906, 4.3381882986159725, 4.3371729304239794, 4.334173015385805, 4.334784443780971, 4.3408157372883425, 4.335490016311188]
Word count:  [73409, 73289, 73455, 73438, 73557, 73415, 73603, 73700, 73290, 73558]
Number of characters:  [1030631, 1030631, 1030631, 1030631, 1030631, 1030631, 1030631, 1030631, 1030631, 1030631]
Number of characters per word:  [4.633882164631404, 4.633882164631404, 4.633882164631404, 4.633882164631404, 4.633882164631404, 4.633882164631404, 4.633882164631404, 4.633882164631404, 4.633882164631404, 4.633882164631404]
Biggest frequency:  [13120, 13104, 13112, 13136, 13109, 13087, 13105, 13125, 13161, 13091]
Words with frequency 1:  [60467, 60319, 60656, 60566, 60701, 60515, 60704, 60854, 60380, 60641]

Messup:  0.1
Entropies:  [4.004598109712762, 4.0079617489075785, 4.004460423577986, 4.0121998227600155, 4.002212456206864, 4.006625311672629, 4.009733148451624, 4.006071624158823, 4.007302774813588, 3.9981285513027416]
Word count:  [94536, 94421, 94477, 94216, 94538, 94490, 94213, 94624, 94596, 94506]
Number of characters:  [1030631, 1030631, 1030631, 1030631, 1030631, 1030631, 1030631, 1030631, 1030631, 1030631]
Number of characters per word:  [4.633882164631404, 4.633882164631404, 4.633882164631404, 4.633882164631404, 4.633882164631404, 4.633882164631404, 4.633882164631404, 4.633882164631404, 4.633882164631404, 4.633882164631404]
Biggest frequency:  [12409, 12452, 12445, 12459, 12446, 12504, 12471, 12441, 12500, 12415]
Words with frequency 1:  [84147, 83989, 84081, 83784, 84072, 84048, 83884, 84264, 84157, 84001]

Messup:  0.2
Entropies:  [3.5412489052851983, 3.5396315958856563, 3.5325620628336947, 3.5360708965619176, 3.5464534876707945, 3.5468646065501757, 3.533615971485408, 3.5363338268180855, 3.5424095894814536, 3.5375944105303736]
Word count:  [119295, 119601, 119748, 119529, 119370, 119131, 119706, 119620, 119506, 119376]
Number of characters:  [1030631, 1030631, 1030631, 1030631, 1030631, 1030631, 1030631, 1030631, 1030631, 1030631]
Number of characters per word:  [4.633882164631404, 4.633882164631404, 4.633882164631404, 4.633882164631404, 4.633882164631404, 4.633882164631404, 4.633882164631404, 4.633882164631404, 4.633882164631404, 4.633882164631404]
Biggest frequency:  [11095, 11008, 11125, 11186, 11099, 11116, 11108, 11217, 11121, 11079]
Words with frequency 1:  [111925, 112388, 112514, 112210, 112050, 111749, 112428, 112416, 112133, 112096]

Messup:  0.3
Entropies:  [3.2377329722703796, 3.231410876479679, 3.2411826917159337, 3.2322839021853853, 3.2316930393582552, 3.233699597002952, 3.24330160293141, 3.233127146858917, 3.23158527631645, 3.2392463582587174]
Word count:  [132319, 132829, 132586, 132619, 132662, 132518, 132339, 132649, 132687, 132666]
Number of characters:  [1030631, 1030631, 1030631, 1030631, 1030631, 1030631, 1030631, 1030631, 1030631, 1030631]
Number of characters per word:  [4.633882164631404, 4.633882164631404, 4.633882164631404, 4.633882164631404, 4.633882164631404, 4.633882164631404, 4.633882164631404, 4.633882164631404, 4.633882164631404, 4.633882164631404]
Biggest frequency:  [9799, 9728, 9797, 9865, 9846, 9809, 9778, 9868, 9680, 9805]
Words with frequency 1:  [126632, 127234, 127036, 126999, 127006, 126812, 126566, 127044, 127036, 127055]

Messup:  0.4
Entropies:  [3.0289980778176226, 3.0223927321468658, 3.027173150404131, 3.0293365748785406, 3.0275250823900657, 3.029161762013738, 3.0298631048211493, 3.0293986330278173, 3.0316494839123647, 3.023763677903792]
Word count:  [139798, 139832, 139933, 139937, 139938, 139888, 139818, 139862, 139770, 139831]
Number of characters:  [1030631, 1030631, 1030631, 1030631, 1030631, 1030631, 1030631, 1030631, 1030631, 1030631]
Number of characters per word:  [4.633882164631404, 4.633882164631404, 4.633882164631404, 4.633882164631404, 4.633882164631404, 4.633882164631404, 4.633882164631404, 4.633882164631404, 4.633882164631404, 4.633882164631404]
Biggest frequency:  [8526, 8434, 8527, 8516, 8465, 8459, 8469, 8397, 8525, 8500]
Words with frequency 1:  [135038, 135052, 135117, 135213, 135137, 135184, 135034, 135114, 135051, 135016]

Messup:  0.5
Entropies:  [2.8758770055318266, 2.8769157055505294, 2.8692663891238332, 2.8815378307714514, 2.8687811837198365, 2.873046226386333, 2.874858020011085, 2.8740204357717625, 2.873180386826159, 2.8713333181792953]
Word count:  [144174, 144186, 144276, 144046, 144329, 144151, 144152, 144137, 144186, 144112]
Number of characters:  [1030631, 1030631, 1030631, 1030631, 1030631, 1030631, 1030631, 1030631, 1030631, 1030631]
Number of characters per word:  [4.633882164631404, 4.633882164631404, 4.633882164631404, 4.633882164631404, 4.633882164631404, 4.633882164631404, 4.633882164631404, 4.633882164631404, 4.633882164631404, 4.633882164631404]
Biggest frequency:  [7310, 7217, 7145, 7209, 7179, 7167, 7154, 7202, 7186, 7213]
Words with frequency 1:  [139681, 139681, 139789, 139569, 139947, 139669, 139711, 139672, 139736, 139604]

Messup:  0.6
Entropies:  [2.751582963773156, 2.7535391763048467, 2.754197151975765, 2.7563654363383074, 2.7564298591377847, 2.752249210513446, 2.7563277769777987, 2.751524458110306, 2.7560707246923726, 2.755008922604535]
Word count:  [146972, 146974, 146889, 146875, 146784, 146997, 146973, 146927, 146893, 146837]
Number of characters:  [1030631, 1030631, 1030631, 1030631, 1030631, 1030631, 1030631, 1030631, 1030631, 1030631]
Number of characters per word:  [4.633882164631404, 4.633882164631404, 4.633882164631404, 4.633882164631404, 4.633882164631404, 4.633882164631404, 4.633882164631404, 4.633882164631404, 4.633882164631404, 4.633882164631404]
Biggest frequency:  [5871, 5838, 5840, 5792, 5781, 5826, 5775, 5727, 5829, 5861]
Words with frequency 1:  [142398, 142363, 142329, 142274, 142226, 142427, 142500, 142334, 142419, 142337]

Messup:  0.7
Entropies:  [2.659022612819432, 2.6600769981705104, 2.6538738703960223, 2.658980937433998, 2.66027927060975, 2.65937478493367, 2.662041079911168, 2.6604070341784767, 2.66279605847406, 2.6584699921371264]
Word count:  [148641, 148718, 148777, 148812, 148700, 148715, 148652, 148652, 148626, 148700]
Number of characters:  [1030631, 1030631, 1030631, 1030631, 1030631, 1030631, 1030631, 1030631, 1030631, 1030631]
Number of characters per word:  [4.633882164631404, 4.633882164631404, 4.633882164631404, 4.633882164631404, 4.633882164631404, 4.633882164631404, 4.633882164631404, 4.633882164631404, 4.633882164631404, 4.633882164631404]
Biggest frequency:  [4496, 4544, 4500, 4550, 4527, 4448, 4519, 4522, 4574, 4544]
Words with frequency 1:  [143640, 143830, 143804, 143905, 143700, 143764, 143716, 143689, 143695, 143759]

Messup:  0.8
Entropies:  [2.5865394915174575, 2.588005182991167, 2.5847011352181717, 2.5867675434309185, 2.5856662294351622, 2.5860989430787416, 2.586439051937184, 2.5853920702563196, 2.5858613683819383, 2.5865264180627716]
Word count:  [149863, 149849, 149902, 149856, 149882, 149854, 149832, 149812, 149889, 149879]
Number of characters:  [1030631, 1030631, 1030631, 1030631, 1030631, 1030631, 1030631, 1030631, 1030631, 1030631]
Number of characters per word:  [4.633882164631404, 4.633882164631404, 4.633882164631404, 4.633882164631404, 4.633882164631404, 4.633882164631404, 4.633882164631404, 4.633882164631404, 4.633882164631404, 4.633882164631404]
Biggest frequency:  [3239, 3191, 3157, 3136, 3233, 3151, 3129, 3146, 3155, 3244]
Words with frequency 1:  [144270, 144305, 144326, 144349, 144305, 144319, 144348, 144253, 144338, 144397]

Messup:  0.9
Entropies:  [2.533766185881602, 2.5329895864614587, 2.5335036939451516, 2.534088482066059, 2.5331592896585016, 2.533770847092531, 2.5328781201685886, 2.5312556554116066, 2.5343297903420776, 2.5338363754550755]
Word count:  [150640, 150748, 150682, 150677, 150648, 150651, 150709, 150710, 150672, 150626]
Number of characters:  [1030631, 1030631, 1030631, 1030631, 1030631, 1030631, 1030631, 1030631, 1030631, 1030631]
Number of characters per word:  [4.633882164631404, 4.633882164631404, 4.633882164631404, 4.633882164631404, 4.633882164631404, 4.633882164631404, 4.633882164631404, 4.633882164631404, 4.633882164631404, 4.633882164631404]
Biggest frequency:  [1886, 1886, 1855, 1887, 1893, 1950, 1820, 1792, 1813, 1889]
Words with frequency 1:  [144470, 144522, 144465, 144489, 144411, 144393, 144511, 144445, 144509, 144415]

Messup:  1
Entropies:  [2.5102777262550977, 2.508877897651162, 2.509537552540009, 2.510309498556909, 2.5104140935437615, 2.5093042241140497, 2.511129147876858, 2.5096178513599243, 2.5099296450326234, 2.50960773686317]
Word count:  [151046, 151112, 151060, 151048, 151046, 151105, 151045, 151068, 151036, 151076]
Number of characters:  [1030631, 1030631, 1030631, 1030631, 1030631, 1030631, 1030631, 1030631, 1030631, 1030631]
Number of characters per word:  [4.633882164631404, 4.633882164631404, 4.633882164631404, 4.633882164631404, 4.633882164631404, 4.633882164631404, 4.633882164631404, 4.633882164631404, 4.633882164631404, 4.633882164631404]
Biggest frequency:  [568, 574, 579, 567, 560, 578, 581, 574, 578, 583]
Words with frequency 1:  [144394, 144472, 144418, 144424, 144376, 144444, 144414, 144457, 144339, 144384]

=== Messing up words ===
Messup:  0
Entropies:  [4.747826449397086]
Word count:  [42826]
Number of characters:  [1030631]
Number of characters per word:  [4.633882164631404]
Biggest frequency:  [13788]
Words with frequency 1:  [26315]

Messup:  1e-05
Entropies:  [4.747801473752159, 4.747844434038202, 4.74778916997708, 4.747855255339663, 4.747835441717644, 4.747818464230019, 4.7478385001906025, 4.747763844707778, 4.747856565170146, 4.747849395115155]
Word count:  [42826, 42825, 42826, 42826, 42825, 42826, 42826, 42826, 42825, 42826]
Number of characters:  [1030648, 1030628, 1030655, 1030633, 1030635, 1030647, 1030634, 1030655, 1030642, 1030634]
Number of characters per word:  [4.63395859935615, 4.633868676150567, 4.633990072478103, 4.633891156951963, 4.633900149272521, 4.633954103195871, 4.633895653112242, 4.633990072478103, 4.633931622394475, 4.633895653112242]
Biggest frequency:  [13787, 13788, 13787, 13788, 13788, 13788, 13788, 13788, 13787, 13788]
Words with frequency 1:  [26313, 26312, 26312, 26315, 26313, 26313, 26314, 26313, 26314, 26315]

Messup:  0.0001
Entropies:  [4.747954221551609, 4.747846758635307, 4.7475665167730385, 4.747809047557734, 4.747674119543619, 4.7476956469117235, 4.747735948094851, 4.747723649258798, 4.747649070953603, 4.747754625666063]
Word count:  [42823, 42824, 42822, 42822, 42823, 42823, 42825, 42824, 42821, 42822]
Number of characters:  [1030691, 1030668, 1030720, 1030688, 1030723, 1030721, 1030682, 1030650, 1030732, 1030694]
Number of characters per word:  [4.634151934248152, 4.6340485225617325, 4.634282322896246, 4.634138445767315, 4.634295811377084, 4.634286819056526, 4.63411146880564, 4.633967591676708, 4.634336276819596, 4.634165422728989]
Biggest frequency:  [13785, 13788, 13787, 13788, 13785, 13788, 13786, 13788, 13787, 13786]
Words with frequency 1:  [26303, 26305, 26296, 26298, 26295, 26300, 26302, 26300, 26296, 26302]

Messup:  0.001
Entropies:  [4.747504982708076, 4.74648810738212, 4.747061805718887, 4.74743823432451, 4.746988602631179, 4.747382988880083, 4.746919737740845, 4.747388679090468, 4.746736148828005, 4.746992525307158]
Word count:  [42801, 42803, 42799, 42796, 42803, 42794, 42803, 42805, 42800, 42787]
Number of characters:  [1031213, 1031325, 1031257, 1031157, 1031409, 1031332, 1031276, 1031460, 1031327, 1031448]
Number of characters per word:  [4.636498929913854, 4.637002499865115, 4.636696760966135, 4.636247144938222, 4.637380177328561, 4.637033972987069, 4.636782188011439, 4.637609481502796, 4.637011492185674, 4.637555527579448]
Biggest frequency:  [13776, 13768, 13771, 13775, 13774, 13780, 13766, 13772, 13775, 13780]
Words with frequency 1:  [26165, 26152, 26167, 26159, 26176, 26162, 26172, 26176, 26163, 26129]

Messup:  0.01
Entropies:  [4.737412419385013, 4.73840088515712, 4.73809434813313, 4.7390255589844, 4.74017281945526, 4.739409968221479, 4.739103439999816, 4.738401251840078, 4.738852153378538, 4.737774993391462]
Word count:  [42564, 42548, 42563, 42601, 42574, 42575, 42596, 42599, 42579, 42577]
Number of characters:  [1037203, 1037542, 1037789, 1037798, 1037564, 1037431, 1037168, 1037578, 1037706, 1037412]
Number of characters per word:  [4.663430929985792, 4.664955128320415, 4.666065679909358, 4.666106145351869, 4.665054043846555, 4.664456054529432, 4.663273564376023, 4.665116990090462, 4.66569249860619, 4.664370627484129]
Biggest frequency:  [13658, 13651, 13643, 13635, 13660, 13655, 13648, 13645, 13649, 13653]
Words with frequency 1:  [24860, 24769, 24837, 24891, 24797, 24879, 24913, 24931, 24812, 24861]

Messup:  0.05
Entropies:  [4.69755298693685, 4.695810037227445, 4.697415034739806, 4.70228009954146, 4.701370156705782, 4.698691647975951, 4.699532887392531, 4.702188951229109, 4.7014773275205135, 4.6971918072868295]
Word count:  [41813, 41794, 41755, 41820, 41801, 41783, 41836, 41806, 41768, 41822]
Number of characters:  [1065078, 1065070, 1065894, 1064845, 1064188, 1063759, 1065678, 1064217, 1063478, 1064991]
Number of characters per word:  [4.788761397766308, 4.788725428484074, 4.792430264554071, 4.787713792421272, 4.784759815117889, 4.782830962358146, 4.7914590939337804, 4.7848902037659835, 4.781567541319713, 4.788370231822024]
Biggest frequency:  [13103, 13103, 13102, 13079, 13112, 13116, 13098, 13067, 13107, 13062]
Words with frequency 1:  [20097, 20055, 19943, 20118, 20046, 20095, 20146, 19975, 20164, 20147]

Messup:  0.1
Entropies:  [4.632393896597642, 4.640770853929209, 4.6377009337086506, 4.639919795231378, 4.637825514454604, 4.636090998395099, 4.639244019004593, 4.636018952419589, 4.636117903373587, 4.64138865469746]
Word count:  [41260, 41246, 41220, 41209, 41214, 41229, 41231, 41247, 41256, 41215]
Number of characters:  [1100472, 1099366, 1099663, 1098978, 1098491, 1099361, 1098638, 1100206, 1099707, 1099509]
Number of characters per word:  [4.947898494685538, 4.94292574141683, 4.9442611010197295, 4.941181231228531, 4.9389916011725985, 4.942903260615434, 4.93965253673363, 4.9467025160512925, 4.944458932072011, 4.943568692336744]
Biggest frequency:  [12373, 12384, 12338, 12392, 12419, 12396, 12457, 12391, 12469, 12435]
Words with frequency 1:  [15778, 15741, 15642, 15663, 15701, 15672, 15711, 15702, 15660, 15648]

Messup:  0.2
Entropies:  [4.469107679860381, 4.476613130416296, 4.480306228835646, 4.484786404570591, 4.47394249273398, 4.479853009487615, 4.477150977983391, 4.483099612102438, 4.475088553435245, 4.475127653047057]
Word count:  [40833, 40861, 40835, 40838, 40860, 40825, 40889, 40873, 40874, 40908]
Number of characters:  [1170311, 1167744, 1167522, 1166567, 1167905, 1168179, 1168420, 1167106, 1168471, 1169514]
Number of characters per word:  [5.261905832419114, 5.2503641889826085, 5.249366041400644, 5.245072208334083, 5.251088070787548, 5.252320018704027, 5.253403593331295, 5.247495638724529, 5.25363289750553, 5.2583223926766545]
Biggest frequency:  [10988, 11021, 10989, 11014, 11059, 11060, 11061, 11074, 11091, 10882]
Words with frequency 1:  [10175, 10441, 10381, 10351, 10361, 10433, 10351, 10471, 10265, 10314]

Messup:  0.3
Entropies:  [4.277802975370994, 4.279004270772706, 4.277840207871786, 4.287314939253329, 4.285411631788905, 4.282060073796985, 4.27502862792379, 4.276318247640929, 4.2854837938710695, 4.277758681305246]
Word count:  [41000, 40969, 41045, 41000, 40888, 40960, 41029, 41042, 40990, 41070]
Number of characters:  [1239358, 1237541, 1237134, 1235192, 1235945, 1237348, 1238734, 1237554, 1236927, 1238151]
Number of characters per word:  [5.5723522112116255, 5.564182687984461, 5.5623527507508586, 5.5536212074888045, 5.557006816178983, 5.563314929050591, 5.569546607197453, 5.56424113806809, 5.561422045573081, 5.566925345754726]
Biggest frequency:  [9646, 9650, 9667, 9711, 9701, 9573, 9656, 9609, 9620, 9690]
Words with frequency 1:  [7451, 7423, 7423, 7389, 7467, 7324, 7416, 7435, 7315, 7490]

Messup:  0.4
Entropies:  [4.056255502579528, 4.050139929224568, 4.05789811258525, 4.049641465239838, 4.059588434063003, 4.043669595317769, 4.056224202552819, 4.049593242799811, 4.052780813666888, 4.056822997078992]
Word count:  [41331, 41302, 41357, 41386, 41276, 41352, 41357, 41319, 41293, 41324]
Number of characters:  [1304171, 1306358, 1305767, 1306501, 1303720, 1304247, 1304431, 1305610, 1304566, 1305550]
Number of characters per word:  [5.863761847382335, 5.873594949912775, 5.870937719187814, 5.874237900832689, 5.861734079096451, 5.864103555563549, 5.8649308490549075, 5.8702318220239915, 5.865537830692588, 5.869962052407244]
Biggest frequency:  [8208, 8252, 8173, 8261, 8347, 8198, 8262, 8236, 8201, 8160]
Words with frequency 1:  [5597, 5553, 5677, 5505, 5634, 5554, 5639, 5501, 5574, 5648]

Messup:  0.5
Entropies:  [3.7976971664481396, 3.8057650000039014, 3.788048055246346, 3.794351686444839, 3.791337500892728, 3.797927185333366, 3.791477278694244, 3.785007062917929, 3.801966491108402, 3.8083935446134483]
Word count:  [41644, 41694, 41684, 41695, 41648, 41623, 41658, 41800, 41663, 41672]
Number of characters:  [1373101, 1372293, 1376359, 1373904, 1373534, 1375020, 1374894, 1376385, 1373909, 1370537]
Number of characters per word:  [6.173682175422189, 6.170049277916659, 6.188330665611567, 6.177292592126324, 6.175629012823049, 6.182310306997824, 6.1817437908026545, 6.188447565778825, 6.17731507292772, 6.162154020466522]
Biggest frequency:  [6913, 6871, 6893, 6881, 6841, 7050, 6813, 6901, 6830, 6991]
Words with frequency 1:  [4303, 4429, 4240, 4266, 4341, 4260, 4264, 4350, 4236, 4414]

Messup:  0.6
Entropies:  [3.5266540483342186, 3.5201815132313774, 3.521125348712387, 3.5242469254329905, 3.5261986126653766, 3.5308411932026984, 3.528542875130838, 3.5170416240482565, 3.5262688559665336, 3.524063427318976]
Word count:  [41978, 41980, 41995, 41970, 41942, 41990, 41943, 42003, 42007, 41959]
Number of characters:  [1441924, 1442442, 1443254, 1441900, 1443382, 1440694, 1440739, 1444633, 1441805, 1441671]
Number of characters per word:  [6.483121414312177, 6.485450425336762, 6.489101307483409, 6.483013506465478, 6.489676815999137, 6.477591137168858, 6.477793464381418, 6.495301512508318, 6.482586371238962, 6.48198388576156]
Biggest frequency:  [5548, 5460, 5440, 5595, 5505, 5606, 5484, 5425, 5537, 5427]
Words with frequency 1:  [3351, 3338, 3271, 3255, 3298, 3409, 3368, 3387, 3412, 3392]

Messup:  0.7
Entropies:  [3.2312205584299476, 3.2393558159377576, 3.230301260043261, 3.2434401042981427, 3.2444297630243804, 3.2375503433549695, 3.2390383564793837, 3.232383999366605, 3.2390729458577625, 3.2415052425760704]
Word count:  [42206, 42207, 42269, 42190, 42240, 42201, 42197, 42231, 42173, 42215]
Number of characters:  [1513792, 1511519, 1514380, 1509862, 1510270, 1511239, 1510122, 1512716, 1512867, 1512513]
Number of characters per word:  [6.80625146125209, 6.7960316889376475, 6.808895203496214, 6.788581551355143, 6.790415984749024, 6.794772764059493, 6.789750553027714, 6.801413592791756, 6.802092512993903, 6.800500872255094]
Biggest frequency:  [4103, 4092, 4217, 4237, 4182, 4104, 4181, 4101, 4140, 4100]
Words with frequency 1:  [2566, 2557, 2526, 2576, 2623, 2620, 2560, 2566, 2652, 2537]

Messup:  0.8
Entropies:  [2.9606683938614116, 2.959454811145949, 2.955007350588841, 2.961521771947432, 2.961457132912071, 2.963695245829648, 2.9659733631586187, 2.969678644484987, 2.962380531674277, 2.9652987199300345]
Word count:  [42372, 42397, 42385, 42402, 42406, 42370, 42361, 42357, 42375, 42367]
Number of characters:  [1578930, 1579738, 1580562, 1580205, 1579551, 1579953, 1577851, 1577745, 1577925, 1579321]
Number of characters per word:  [7.099122349513515, 7.102755247019045, 7.106460083089042, 7.1048549538693955, 7.10191446504685, 7.103721921479057, 7.094270992572343, 7.093794399582756, 7.094603708432998, 7.100880348182652]
Biggest frequency:  [2683, 2820, 2767, 2809, 2790, 2751, 2768, 2871, 2748, 2809]
Words with frequency 1:  [1969, 1971, 1956, 2042, 2079, 2031, 1999, 2033, 2035, 2030]

Messup:  0.9
Entropies:  [2.7040440608617975, 2.6996476204451394, 2.7059643171320236, 2.701178085027615, 2.7001452375447883, 2.7059430285179618, 2.706964294840238, 2.6994938678785827, 2.700998604153369, 2.702334997700884]
Word count:  [42483, 42526, 42489, 42526, 42511, 42492, 42513, 42526, 42550, 42521]
Number of characters:  [1649936, 1647818, 1649335, 1646262, 1649979, 1648512, 1649663, 1651441, 1647639, 1651500]
Number of characters per word:  [7.418376706292826, 7.4088538388216465, 7.415674513965074, 7.401857813427333, 7.418570041184828, 7.411974174055357, 7.417149254536626, 7.425143427512904, 7.408049026131684, 7.425408700969372]
Biggest frequency:  [1394, 1325, 1404, 1411, 1394, 1415, 1440, 1414, 1359, 1381]
Words with frequency 1:  [1544, 1596, 1519, 1560, 1543, 1491, 1552, 1545, 1597, 1535]

Messup:  1
Entropies:  [2.5235778289845183, 2.5218760810057876, 2.520388062027639, 2.519950041405667, 2.522225671146158, 2.5216392359039417, 2.522439367893176, 2.5211923535422134, 2.520843219150304, 2.520450708189998]
Word count:  [42554, 42560, 42616, 42593, 42570, 42567, 42581, 42607, 42606, 42601]
Number of characters:  [1717784, 1718081, 1717393, 1716753, 1718175, 1718561, 1718831, 1716939, 1718703, 1717107]
Number of characters per word:  [7.72343218891067, 7.72476754851357, 7.721674190241534, 7.718796647662896, 7.725190187579807, 7.726925705447548, 7.7281396687229105, 7.719632933474813, 7.727564160207183, 7.720388288401705]
Biggest frequency:  [16, 18, 16, 18, 17, 17, 19, 17, 17, 17]
Words with frequency 1:  [1283, 1212, 1242, 1187, 1300, 1258, 1231, 1257, 1206, 1260]


====================================
====================================
====================================
====================================
====================================
====================================
====================================
====================================



"C:\Program Files (x86)\Python 3.5\python.exe" C:/ai/nlp/entropy.py TEXTEN1.txt
=== Messing up characters ===
Messup:  0
Entropies:  [5.287428272953464]
Word count:  [9607]
Number of characters:  [972917]
Number of characters per word:  [4.400388063211788]
Biggest frequency:  [14721]
Words with frequency 1:  [3811]

Messup:  1e-05
Entropies:  [5.2874460992845735, 5.287454151201357, 5.287427335005725, 5.287353299044612, 5.287308207009903, 5.287304649812766, 5.287435401068193, 5.287346565661258, 5.287383933972095, 5.287437551654551]
Word count:  [9620, 9619, 9616, 9619, 9622, 9617, 9618, 9620, 9616, 9613]
Number of characters:  [972917, 972917, 972917, 972917, 972917, 972917, 972917, 972917, 972917, 972917]
Number of characters per word:  [4.400388063211788, 4.400388063211788, 4.400388063211788, 4.400388063211788, 4.400388063211788, 4.400388063211788, 4.400388063211788, 4.400388063211788, 4.400388063211788, 4.400388063211788]
Biggest frequency:  [14721, 14721, 14721, 14721, 14720, 14721, 14721, 14721, 14721, 14721]
Words with frequency 1:  [3824, 3823, 3820, 3823, 3826, 3821, 3823, 3826, 3820, 3817]

Messup:  0.0001
Entropies:  [5.2868776073430785, 5.2871771558194816, 5.287291521043849, 5.287078132270319, 5.2870010751908705, 5.287030238755089, 5.286974194263956, 5.287101748271713, 5.2869842571530405, 5.287447859112305]
Word count:  [9708, 9687, 9684, 9692, 9709, 9707, 9687, 9686, 9693, 9687]
Number of characters:  [972917, 972917, 972917, 972917, 972917, 972917, 972917, 972917, 972917, 972917]
Number of characters per word:  [4.400388063211788, 4.400388063211788, 4.400388063211788, 4.400388063211788, 4.400388063211788, 4.400388063211788, 4.400388063211788, 4.400388063211788, 4.400388063211788, 4.400388063211788]
Biggest frequency:  [14719, 14720, 14720, 14721, 14718, 14719, 14720, 14719, 14717, 14718]
Words with frequency 1:  [3914, 3895, 3890, 3898, 3915, 3914, 3894, 3894, 3898, 3893]

Messup:  0.001
Entropies:  [5.283296115474864, 5.283590905748165, 5.283751956142616, 5.283619795546613, 5.284809519902275, 5.284006736959674, 5.284333305711963, 5.283855575235433, 5.283931701992948, 5.282911072178589]
Word count:  [10523, 10510, 10497, 10523, 10474, 10523, 10511, 10502, 10484, 10501]
Number of characters:  [972917, 972917, 972917, 972917, 972917, 972917, 972917, 972917, 972917, 972917]
Number of characters per word:  [4.400388063211788, 4.400388063211788, 4.400388063211788, 4.400388063211788, 4.400388063211788, 4.400388063211788, 4.400388063211788, 4.400388063211788, 4.400388063211788, 4.400388063211788]
Biggest frequency:  [14704, 14700, 14705, 14710, 14698, 14705, 14710, 14711, 14707, 14708]
Words with frequency 1:  [4730, 4718, 4710, 4726, 4681, 4730, 4728, 4714, 4684, 4714]

Messup:  0.01
Entropies:  [5.246109055960582, 5.249692090238847, 5.249432448947444, 5.2509347759702, 5.250539074952945, 5.251814525690553, 5.251691753847373, 5.251015504825619, 5.25175897858213, 5.248931202906517]
Word count:  [17818, 17594, 17607, 17660, 17867, 17583, 17671, 17669, 17669, 17820]
Number of characters:  [972917, 972917, 972917, 972917, 972917, 972917, 972917, 972917, 972917, 972917]
Number of characters per word:  [4.400388063211788, 4.400388063211788, 4.400388063211788, 4.400388063211788, 4.400388063211788, 4.400388063211788, 4.400388063211788, 4.400388063211788, 4.400388063211788, 4.400388063211788]
Biggest frequency:  [14554, 14571, 14585, 14576, 14580, 14565, 14593, 14572, 14570, 14575]
Words with frequency 1:  [11728, 11504, 11481, 11542, 11829, 11507, 11549, 11575, 11594, 11715]

Messup:  0.05
Entropies:  [5.056038002220601, 5.0536485678900185, 5.054265615164795, 5.060646324446598, 5.055085153698197, 5.058749895385496, 5.055316799582516, 5.06091503562905, 5.0572858711787685, 5.058051956675574]
Word count:  [42280, 42171, 42255, 41934, 42190, 42038, 42195, 42184, 42188, 42175]
Number of characters:  [972917, 972917, 972917, 972917, 972917, 972917, 972917, 972917, 972917, 972917]
Number of characters per word:  [4.400388063211788, 4.400388063211788, 4.400388063211788, 4.400388063211788, 4.400388063211788, 4.400388063211788, 4.400388063211788, 4.400388063211788, 4.400388063211788, 4.400388063211788]
Biggest frequency:  [14002, 14037, 13970, 14024, 14057, 13985, 13958, 14051, 14041, 13992]
Words with frequency 1:  [34559, 34409, 34528, 34201, 34405, 34244, 34372, 34512, 34325, 34321]

Messup:  0.1
Entropies:  [4.73906019916728, 4.729068068575874, 4.724070215888983, 4.731334383583726, 4.731957672786992, 4.726472815200138, 4.733180979696701, 4.727094792489633, 4.737732746157675, 4.738452248122386]
Word count:  [64134, 64401, 64780, 64129, 64306, 64428, 64323, 64392, 64011, 64069]
Number of characters:  [972917, 972917, 972917, 972917, 972917, 972917, 972917, 972917, 972917, 972917]
Number of characters per word:  [4.400388063211788, 4.400388063211788, 4.400388063211788, 4.400388063211788, 4.400388063211788, 4.400388063211788, 4.400388063211788, 4.400388063211788, 4.400388063211788, 4.400388063211788]
Biggest frequency:  [13301, 13290, 13274, 13335, 13348, 13197, 13301, 13311, 13263, 13283]
Words with frequency 1:  [54839, 55151, 55451, 54857, 55079, 55185, 55012, 55086, 54784, 54862]

Messup:  0.2
Entropies:  [4.030628244966538, 4.030686024169816, 4.028177201335635, 4.035845375820536, 4.027733326298512, 4.03095984073648, 4.031005077156777, 4.034051687146851, 4.032182149567295, 4.027902912487059]
Word count:  [94466, 94531, 94586, 94507, 94595, 94658, 94666, 94613, 94565, 94677]
Number of characters:  [972917, 972917, 972917, 972917, 972917, 972917, 972917, 972917, 972917, 972917]
Number of characters per word:  [4.400388063211788, 4.400388063211788, 4.400388063211788, 4.400388063211788, 4.400388063211788, 4.400388063211788, 4.400388063211788, 4.400388063211788, 4.400388063211788, 4.400388063211788]
Biggest frequency:  [11846, 11769, 11910, 11916, 11790, 11805, 11746, 11828, 11801, 11820]
Words with frequency 1:  [84399, 84525, 84532, 84421, 84520, 84610, 84685, 84542, 84419, 84588]

Messup:  0.3
Entropies:  [3.414248860842837, 3.420804758577763, 3.4174921637733062, 3.410269466775101, 3.4201662685198264, 3.412469379760152, 3.414744398184913, 3.4086812323471225, 3.4215482840829674, 3.41554064036279]
Word count:  [114642, 114519, 114602, 114606, 114559, 114582, 114627, 114687, 114420, 114648]
Number of characters:  [972917, 972917, 972917, 972917, 972917, 972917, 972917, 972917, 972917, 972917]
Number of characters per word:  [4.400388063211788, 4.400388063211788, 4.400388063211788, 4.400388063211788, 4.400388063211788, 4.400388063211788, 4.400388063211788, 4.400388063211788, 4.400388063211788, 4.400388063211788]
Biggest frequency:  [10500, 10460, 10502, 10355, 10393, 10425, 10433, 10387, 10420, 10382]
Words with frequency 1:  [105014, 104823, 104927, 104898, 104917, 104786, 104962, 104856, 104720, 104861]

Messup:  0.4
Entropies:  [2.9056534882919025, 2.9034501458043125, 2.913141956713977, 2.9068237400102017, 2.8996605957510027, 2.908115170555224, 2.8999474699307677, 2.9037171850987815, 2.903054988383659, 2.905266171523664]
Word count:  [128871, 128794, 128787, 128725, 128936, 128691, 129023, 128701, 128981, 128873]
Number of characters:  [972917, 972917, 972917, 972917, 972917, 972917, 972917, 972917, 972917, 972917]
Number of characters per word:  [4.400388063211788, 4.400388063211788, 4.400388063211788, 4.400388063211788, 4.400388063211788, 4.400388063211788, 4.400388063211788, 4.400388063211788, 4.400388063211788, 4.400388063211788]
Biggest frequency:  [8982, 9046, 8996, 8970, 8897, 8952, 9042, 8935, 9098, 9076]
Words with frequency 1:  [119644, 119281, 119437, 119401, 119691, 119420, 119667, 119209, 119717, 119534]

Messup:  0.5
Entropies:  [2.503178058810425, 2.503896895456867, 2.499741127446514, 2.504151881480788, 2.501482748190699, 2.49962087677639, 2.504358808323215, 2.5044757005011644, 2.501036473634984, 2.5000080237097895]
Word count:  [139022, 138920, 139197, 139057, 139114, 139149, 139013, 139037, 139144, 138967]
Number of characters:  [972917, 972917, 972917, 972917, 972917, 972917, 972917, 972917, 972917, 972917]
Number of characters per word:  [4.400388063211788, 4.400388063211788, 4.400388063211788, 4.400388063211788, 4.400388063211788, 4.400388063211788, 4.400388063211788, 4.400388063211788, 4.400388063211788, 4.400388063211788]
Biggest frequency:  [7549, 7557, 7455, 7689, 7546, 7605, 7486, 7569, 7510, 7532]
Words with frequency 1:  [129951, 129736, 130133, 129910, 129978, 130028, 129945, 129884, 130039, 129762]

Messup:  0.6
Entropies:  [2.1791515053325887, 2.180990884455163, 2.1844504985267283, 2.1765564270380064, 2.1819693126337816, 2.1812102427781674, 2.1770755193134534, 2.180361905010067, 2.182408200798415, 2.1769802241490157]
Word count:  [146553, 146403, 146429, 146621, 146498, 146491, 146555, 146506, 146442, 146548]
Number of characters:  [972917, 972917, 972917, 972917, 972917, 972917, 972917, 972917, 972917, 972917]
Number of characters per word:  [4.400388063211788, 4.400388063211788, 4.400388063211788, 4.400388063211788, 4.400388063211788, 4.400388063211788, 4.400388063211788, 4.400388063211788, 4.400388063211788, 4.400388063211788]
Biggest frequency:  [6068, 6067, 6156, 6088, 6201, 6172, 6189, 6067, 6157, 6071]
Words with frequency 1:  [137542, 137443, 137480, 137597, 137489, 137522, 137547, 137551, 137448, 137500]

Messup:  0.7
Entropies:  [1.9308973691440467, 1.9344416414776346, 1.9350265901480836, 1.9357511069744753, 1.9350378603802116, 1.9339357127965833, 1.9376680407329676, 1.9374709728161832, 1.9344844542592186, 1.935494421167146]
Word count:  [152013, 151990, 151950, 151883, 151838, 151900, 151963, 151888, 152092, 151965]
Number of characters:  [972917, 972917, 972917, 972917, 972917, 972917, 972917, 972917, 972917, 972917]
Number of characters per word:  [4.400388063211788, 4.400388063211788, 4.400388063211788, 4.400388063211788, 4.400388063211788, 4.400388063211788, 4.400388063211788, 4.400388063211788, 4.400388063211788, 4.400388063211788]
Biggest frequency:  [4680, 4765, 4590, 4670, 4662, 4639, 4675, 4711, 4756, 4768]
Words with frequency 1:  [143265, 143352, 143333, 143207, 143053, 143211, 143327, 143253, 143505, 143248]

Messup:  0.8
Entropies:  [1.7564424780984609, 1.7576981337660584, 1.7572759080662321, 1.7560922151906542, 1.755369774292072, 1.7557244686755062, 1.755919356707865, 1.7588738855338835, 1.7558084482217646, 1.75637247190575]
Word count:  [155787, 155762, 155719, 155773, 155833, 155789, 155749, 155577, 155832, 155746]
Number of characters:  [972917, 972917, 972917, 972917, 972917, 972917, 972917, 972917, 972917, 972917]
Number of characters per word:  [4.400388063211788, 4.400388063211788, 4.400388063211788, 4.400388063211788, 4.400388063211788, 4.400388063211788, 4.400388063211788, 4.400388063211788, 4.400388063211788, 4.400388063211788]
Biggest frequency:  [3252, 3291, 3271, 3272, 3236, 3221, 3231, 3226, 3254, 3241]
Words with frequency 1:  [147648, 147551, 147498, 147554, 147655, 147586, 147500, 147314, 147648, 147532]

Messup:  0.9
Entropies:  [1.6457247562568929, 1.6451244949223496, 1.6440237271962377, 1.6435702456625845, 1.64217566387455, 1.6436102070026664, 1.6443247056630126, 1.643786783005609, 1.6431348094951492, 1.6446693007522835]
Word count:  [158251, 158201, 158264, 158249, 158304, 158243, 158210, 158313, 158284, 158209]
Number of characters:  [972917, 972917, 972917, 972917, 972917, 972917, 972917, 972917, 972917, 972917]
Number of characters per word:  [4.400388063211788, 4.400388063211788, 4.400388063211788, 4.400388063211788, 4.400388063211788, 4.400388063211788, 4.400388063211788, 4.400388063211788, 4.400388063211788, 4.400388063211788]
Biggest frequency:  [1876, 1819, 1844, 1791, 1743, 1811, 1811, 1792, 1872, 1803]
Words with frequency 1:  [150762, 150692, 150801, 150777, 150835, 150735, 150699, 150889, 150803, 150709]

Messup:  1
Entropies:  [1.6010403697834212, 1.6016339127817034, 1.6014906235644208, 1.6021686144496885, 1.6014790221222315, 1.6016662177016896, 1.5999461142666331, 1.6011547590325517, 1.600439574614566, 1.6017322421507476]
Word count:  [159040, 159058, 159098, 159008, 159026, 159019, 159144, 159087, 159069, 159013]
Number of characters:  [972917, 972917, 972917, 972917, 972917, 972917, 972917, 972917, 972917, 972917]
Number of characters per word:  [4.400388063211788, 4.400388063211788, 4.400388063211788, 4.400388063211788, 4.400388063211788, 4.400388063211788, 4.400388063211788, 4.400388063211788, 4.400388063211788, 4.400388063211788]
Biggest frequency:  [438, 434, 419, 426, 442, 424, 426, 433, 424, 429]
Words with frequency 1:  [152004, 152052, 152152, 151960, 152025, 151981, 152220, 152118, 152081, 151958]

=== Messing up words ===
Messup:  0
Entropies:  [5.287428272953464]
Word count:  [9607]
Number of characters:  [972917]
Number of characters per word:  [4.400388063211788]
Biggest frequency:  [14721]
Words with frequency 1:  [3811]

Messup:  1e-05
Entropies:  [5.2874597583362, 5.287412178285343, 5.2873954754142, 5.287469605044255, 5.28745463941561, 5.287483245766426, 5.287452329773046, 5.287469594792859, 5.287485348954467, 5.287437318715977]
Word count:  [9607, 9607, 9607, 9607, 9606, 9607, 9607, 9607, 9607, 9606]
Number of characters:  [972922, 972920, 972923, 972938, 972922, 972920, 972910, 972917, 972934, 972919]
Number of characters per word:  [4.40041067761807, 4.400401631855558, 4.400415200499326, 4.40048304371817, 4.40041067761807, 4.400401631855558, 4.400356403042995, 4.400388063211788, 4.400464952193145, 4.400397108974301]
Biggest frequency:  [14720, 14721, 14721, 14720, 14721, 14721, 14721, 14721, 14721, 14721]
Words with frequency 1:  [3811, 3809, 3810, 3809, 3810, 3811, 3809, 3810, 3810, 3809]

Messup:  0.0001
Entropies:  [5.2877472483298344, 5.2876408308054454, 5.28766550022999, 5.287614321799427, 5.287451535101631, 5.287508015924839, 5.287539988121988, 5.2877261827960655, 5.287647961343278, 5.287599221875084]
Word count:  [9607, 9607, 9607, 9607, 9607, 9607, 9604, 9607, 9605, 9606]
Number of characters:  [972993, 972990, 972989, 972947, 972973, 972969, 972974, 972981, 972976, 972989]
Number of characters per word:  [4.4007318021872655, 4.400718233543497, 4.400713710662241, 4.4005237496494765, 4.40064134456214, 4.400623253037114, 4.400645867443396, 4.40067752761219, 4.4006549132059085, 4.400713710662241]
Biggest frequency:  [14719, 14721, 14719, 14721, 14718, 14719, 14719, 14717, 14719, 14721]
Words with frequency 1:  [3797, 3804, 3806, 3808, 3803, 3805, 3802, 3801, 3797, 3799]

Messup:  0.001
Entropies:  [5.288785009396719, 5.289502903693204, 5.289045251480651, 5.290281725729251, 5.289023396689773, 5.2891406451623615, 5.289954569782883, 5.289922728028172, 5.289410132385642, 5.289489716969323]
Word count:  [9602, 9604, 9603, 9601, 9604, 9602, 9603, 9603, 9604, 9605]
Number of characters:  [973561, 973581, 973467, 973702, 973646, 973506, 973617, 973593, 973572, 973586]
Number of characters per word:  [4.40330079874083, 4.403391256365955, 4.40287564790274, 4.403938524997964, 4.4036852436476135, 4.403052040271735, 4.403554080091181, 4.40344553094103, 4.403350550434649, 4.403413870772237]
Biggest frequency:  [14708, 14701, 14711, 14706, 14702, 14709, 14709, 14705, 14707, 14702]
Words with frequency 1:  [3726, 3712, 3734, 3710, 3723, 3728, 3724, 3720, 3726, 3718]

Messup:  0.01
Entropies:  [5.30650751549482, 5.3063974849464675, 5.307583186420843, 5.306702877309429, 5.307775668236057, 5.307738215410713, 5.3085854319426815, 5.305925110459124, 5.307220510617722, 5.306998820067921]
Word count:  [9581, 9577, 9579, 9586, 9576, 9575, 9576, 9580, 9576, 9570]
Number of characters:  [979575, 979803, 979402, 979420, 979463, 979701, 979676, 979880, 979583, 979566]
Number of characters per word:  [4.430501406616071, 4.431532623542502, 4.429718948158735, 4.429800360021348, 4.429994843915368, 4.431071289654361, 4.430958217622955, 4.431880885399234, 4.4305375896661205, 4.4304607006847645]
Biggest frequency:  [14569, 14584, 14580, 14589, 14591, 14572, 14570, 14550, 14599, 14569]
Words with frequency 1:  [3014, 3007, 2998, 3038, 3023, 3032, 3004, 2987, 3036, 3044]

Messup:  0.05
Entropies:  [5.381840374598942, 5.378725805441678, 5.3795171908711374, 5.383505143148125, 5.379737275209369, 5.381530191010998, 5.380082551932711, 5.379114859274663, 5.377815248830906, 5.38259653855513]
Word count:  [9543, 9546, 9554, 9536, 9555, 9559, 9549, 9529, 9535, 9553]
Number of characters:  [1007197, 1007350, 1005960, 1006432, 1006574, 1006321, 1007016, 1006296, 1006495, 1007334]
Number of characters per word:  [4.555432432676913, 4.556124433509122, 4.5498376285629, 4.551972428515862, 4.552614677654253, 4.551470388696415, 4.554613791169527, 4.551357316665008, 4.552257370035007, 4.556052067409023]
Biggest frequency:  [13970, 13979, 14005, 14029, 14018, 14011, 13974, 13999, 13976, 13927]
Words with frequency 1:  [1228, 1259, 1294, 1309, 1230, 1276, 1269, 1209, 1243, 1268]

Messup:  0.1
Entropies:  [5.462257176583789, 5.45737643383353, 5.456432745289702, 5.459302474907342, 5.452889232122074, 5.456670626795969, 5.4606445701196975, 5.45973264166676, 5.457879596622324, 5.454283351080741]
Word count:  [9572, 9566, 9569, 9575, 9574, 9571, 9563, 9562, 9563, 9567]
Number of characters:  [1040683, 1038936, 1039874, 1040368, 1038355, 1040708, 1039762, 1040119, 1041077, 1039257]
Number of characters per word:  [4.7068856344245535, 4.69898416086984, 4.703226623488227, 4.705460926828827, 4.696356366859945, 4.706998706455961, 4.702720060787524, 4.704334729396014, 4.708667649639526, 4.700436005753105]
Biggest frequency:  [13263, 13301, 13236, 13243, 13327, 13202, 13239, 13211, 13249, 13270]
Words with frequency 1:  [453, 457, 467, 463, 460, 461, 424, 461, 467, 430]

Messup:  0.2
Entropies:  [5.567965287883565, 5.564162555478767, 5.564283551243443, 5.564737152196691, 5.566792885712676, 5.561733509076849, 5.557522282441757, 5.5616038882412955, 5.558610848077287, 5.565426711710248]
Word count:  [9599, 9601, 9598, 9603, 9594, 9593, 9604, 9596, 9598, 9593]
Number of characters:  [1105953, 1105735, 1105184, 1104998, 1107451, 1106629, 1105629, 1106438, 1108339, 1106254]
Number of characters per word:  [5.002094094021656, 5.001108105907788, 4.99861599833558, 4.997774742421912, 5.0088693701435565, 5.005151561750898, 5.000628680494622, 5.0042876914309495, 5.012885688699129, 5.0034554812797944]
Biggest frequency:  [11823, 11878, 11875, 11790, 11740, 11807, 11815, 11820, 11765, 11926]
Words with frequency 1:  [62, 70, 82, 64, 76, 71, 74, 79, 70, 77]

Messup:  0.3
Entropies:  [5.600464861261437, 5.606399407236232, 5.59934545455392, 5.606370373448052, 5.600138159955064, 5.60020302771762, 5.601491801801747, 5.6043202116098, 5.604835947384925, 5.597624520014158]
Word count:  [9607, 9604, 9606, 9606, 9606, 9606, 9606, 9605, 9606, 9607]
Number of characters:  [1174332, 1174532, 1172870, 1174164, 1173509, 1175385, 1175599, 1176105, 1172366, 1174288]
Number of characters per word:  [5.311364191444518, 5.312268767695773, 5.304751739047843, 5.310604347393464, 5.3076418601706035, 5.316126785407376, 5.317094681996219, 5.319383259911894, 5.30247220689468, 5.311165184669242]
Biggest frequency:  [10289, 10246, 10254, 10300, 10240, 10377, 10265, 10320, 10361, 10399]
Words with frequency 1:  [15, 14, 14, 12, 13, 13, 12, 5, 11, 9]

Messup:  0.4
Entropies:  [5.575151768917111, 5.58026550952954, 5.577250466455074, 5.581791191073035, 5.575536746095717, 5.578241686980351, 5.574184499894511, 5.574906523512782, 5.570834395984433, 5.568416610706898]
Word count:  [9607, 9607, 9607, 9607, 9607, 9607, 9607, 9607, 9607, 9607]
Number of characters:  [1241418, 1239895, 1239831, 1239371, 1239707, 1239539, 1239213, 1240844, 1240927, 1239936]
Number of characters per word:  [5.614786203403016, 5.607897855249708, 5.607608390849307, 5.60552786547142, 5.607047553573529, 5.606287709522475, 5.604813250232929, 5.612190069561914, 5.612565468706185, 5.608083293381216]
Biggest frequency:  [8897, 8881, 8905, 8869, 8911, 8881, 8862, 8865, 8902, 8884]
Words with frequency 1:  [2, 1, 0, 4, 1, 5, 2, 0, 2, 2]

Messup:  0.5
Entropies:  [5.483988225506384, 5.482708864742828, 5.482906440294605, 5.4823769957757085, 5.481302368642784, 5.4824892170485295, 5.480791457453064, 5.484626001033701, 5.479856847145172, 5.4802560197244]
Word count:  [9607, 9607, 9607, 9607, 9607, 9607, 9607, 9607, 9607, 9607]
Number of characters:  [1306915, 1306329, 1308438, 1308074, 1307167, 1307413, 1307407, 1309179, 1309647, 1310739]
Number of characters per word:  [5.911021357045292, 5.9083709486291145, 5.9179097051986, 5.916263376421315, 5.912161123121874, 5.913273751910918, 5.91324661462338, 5.9212611602095, 5.923377868637437, 5.92831685496929]
Biggest frequency:  [7401, 7502, 7344, 7310, 7375, 7347, 7377, 7375, 7399, 7289]
Words with frequency 1:  [1, 0, 0, 0, 1, 0, 1, 1, 0, 1]

Messup:  0.6
Entropies:  [5.335318854688629, 5.333403435126466, 5.3351232474914445, 5.3382751530355295, 5.3345463524421906, 5.340702771951386, 5.3362845060076545, 5.336692247448717, 5.3348924229589, 5.33301129842148]
Word count:  [9607, 9607, 9607, 9607, 9607, 9607, 9607, 9607, 9607, 9607]
Number of characters:  [1374195, 1374757, 1375750, 1375869, 1374588, 1372988, 1375447, 1375449, 1373651, 1373549]
Number of characters per word:  [6.215320807967507, 6.217862667233534, 6.222353888321016, 6.222892111190513, 6.217098300301224, 6.209861690291183, 6.220983455300365, 6.220992501062877, 6.212860360564094, 6.2123990266759535]
Biggest frequency:  [5863, 5763, 5897, 5968, 5915, 5824, 5861, 5856, 5869, 5928]
Words with frequency 1:  [0, 0, 0, 0, 0, 0, 0, 0, 0, 1]

Messup:  0.7
Entropies:  [5.150304800682992, 5.140490696056218, 5.140682534509997, 5.14770938858703, 5.142258827133039, 5.142049449337629, 5.142899861004656, 5.149708837240528, 5.1480261495919235, 5.144133971037522]
Word count:  [9607, 9607, 9607, 9607, 9607, 9607, 9607, 9607, 9607, 9607]
Number of characters:  [1440546, 1441524, 1443887, 1441917, 1441210, 1444022, 1443042, 1441261, 1441674, 1441019]
Number of characters per word:  [6.515418502202643, 6.51984188007128, 6.53052944847986, 6.521619372404997, 6.51842169535681, 6.531140037449457, 6.526707613818306, 6.51865236230088, 6.5205203122597215, 6.517557825036861]
Biggest frequency:  [4494, 4491, 4428, 4441, 4424, 4444, 4389, 4395, 4439, 4324]
Words with frequency 1:  [0, 0, 0, 0, 0, 0, 0, 0, 0, 0]

Messup:  0.8
Entropies:  [4.926244635861211, 4.9251788898297955, 4.927572490581718, 4.9251448072382615, 4.9261593868178695, 4.927775594450304, 4.929090234889885, 4.930139926564446, 4.929578901327809, 4.926240996945142]
Word count:  [9607, 9607, 9607, 9607, 9607, 9607, 9607, 9607, 9607, 9607]
Number of characters:  [1508119, 1510790, 1508316, 1509186, 1509035, 1508837, 1507958, 1508191, 1508721, 1507416]
Number of characters per word:  [6.821043157332947, 6.8331237731684595, 6.8219341649404335, 6.825869071633393, 6.825186116563696, 6.824290586074953, 6.820314973450687, 6.8213688047834, 6.823765931849225, 6.817863571809785]
Biggest frequency:  [2958, 3019, 2996, 2920, 2957, 3015, 3010, 2991, 3074, 2937]
Words with frequency 1:  [0, 0, 0, 0, 0, 0, 0, 0, 0, 0]

Messup:  0.9
Entropies:  [4.708086337506767, 4.704767522746272, 4.704951292021092, 4.706426063954822, 4.704706055024095, 4.705298711267977, 4.707116089890325, 4.706648086631428, 4.708492274031037, 4.707511712266695]
Word count:  [9607, 9607, 9607, 9607, 9607, 9607, 9607, 9607, 9607, 9607]
Number of characters:  [1575140, 1576891, 1576033, 1576356, 1574183, 1576174, 1576585, 1576171, 1573711, 1574365]
Number of characters per word:  [7.124171182009787, 7.132090747089526, 7.128210114971641, 7.129671005617419, 7.119842784647532, 7.128847841228777, 7.130706745425106, 7.128834272585007, 7.11770798469457, 7.120665949036174]
Biggest frequency:  [1551, 1538, 1459, 1491, 1466, 1529, 1484, 1463, 1554, 1469]
Words with frequency 1:  [0, 0, 0, 0, 0, 0, 0, 0, 0, 0]

Messup:  1
Entropies:  [4.553660818014802, 4.553355387734696, 4.554017132011418, 4.5536414416105675, 4.5544425050124016, 4.553793573971557, 4.553126773704786, 4.553649796157613, 4.553731207820647, 4.554495755041068]
Word count:  [9607, 9607, 9607, 9607, 9607, 9607, 9607, 9607, 9607, 9607]
Number of characters:  [1641152, 1641704, 1644085, 1647239, 1640106, 1641154, 1642360, 1642676, 1642986, 1642867]
Number of characters per word:  [7.422735619499045, 7.42523224995251, 7.4360012302237015, 7.450266397705994, 7.4180046857049815, 7.4227446652615585, 7.428199260056626, 7.429628490533609, 7.431030583723055, 7.430492360853558]
Biggest frequency:  [45, 43, 46, 44, 44, 42, 41, 44, 44, 43]
Words with frequency 1:  [0, 0, 0, 0, 0, 0, 0, 0, 0, 0]


Process finished with exit code 0



